pose_pdb,reference_pdb,pvrig_chain,vhh_chain,ref_pvrig_chain,ref_pvrl2_chain,assume_aligned,contact_cutoff_a,clash_cutoff_a,hotspot_ref_column,pvrig_vhh_contact_pair_count,pvrig_contact_residue_count,vhh_contact_residue_count,hotspot_count,hotspot_overlap_count,hotspot_overlap_fraction,hotspot_weight_total,hotspot_weight_overlap,hotspot_weight_fraction,cdr_contact_residue_count,pvrl2_vhh_occluding_contact_count,pvrl2_occluded_residue_count,vhh_occluding_residue_count,pvrl2_vhh_clash_count,pvrl2_clash_residue_count,vhh_clash_residue_count,pvrig_contact_residues,vhh_contact_residues,cdr_contact_residues,pvrl2_occluded_residues,vhh_occluding_residues
/mnt/d/work/抗体/node1/rfantibody_pvrig_validation_20260712/docking/postprocessed/PVRIG_RFAb_v0_A_bb019_mpn03/haddock3/top_models_aligned_to_8x6b/cluster_7_model_1_aligned_to_8x6b.pdb,/mnt/d/work/抗体/data/structures/8X6B.pdb,B,A,B,A,True,4.5,2.5,pdb_8x6b_ref,45,19,19,23,18,0.782608695652174,22.4,17.7,0.7901785714285714,17,778,121,93,285,105,76,B:33SER;B:34LEU;B:36THR;B:43ASN;B:44GLY;B:45ALA;B:46GLY;B:49THR;B:52VAL;B:57ARG;B:62TRP;B:97LYS;B:99ALA;B:100SER;B:101PHE;B:102PRO;B:103GLU;B:104GLY;B:105SER,A:1GLN;A:2VAL;A:26GLY;A:27GLY;A:28ASP;A:31GLN;A:32TYR;A:52SER;A:54ASP;A:56SER;A:57THR;A:100PRO;A:101SER;A:102SER;A:105LEU;A:107ASP;A:108SER;A:110THR;A:111TYR,A:26GLY;A:27GLY;A:28ASP;A:31GLN;A:32TYR;A:52SER;A:54ASP;A:56SER;A:57THR;A:100PRO;A:101SER;A:102SER;A:105LEU;A:107ASP;A:108SER;A:110THR;A:111TYR,A:3ASP;A:4VAL;A:5ARG;A:6VAL;A:7GLN;A:8VAL;A:9LEU;A:10PRO;A:11GLU;A:12VAL;A:19THR;A:20VAL;A:21GLU;A:22LEU;A:23PRO;A:24CYS;A:25HIS;A:26LEU;A:27LEU;A:28PRO;A:29PRO;A:30VAL;A:31PRO;A:32GLY;A:33LEU;A:34TYR;A:35ILE;A:36SER;A:37LEU;A:38VAL;A:39THR;A:40TRP;A:41GLN;A:51ASN;A:53ALA;A:54ALA;A:55PHE;A:56HIS;A:57PRO;A:58LYS;A:59MET;A:60GLY;A:61PRO;A:62SER;A:63PHE;A:64PRO;A:72ARG;A:73LEU;A:74SER;A:75PHE;A:76VAL;A:77SER;A:78ALA;A:79LYS;A:80GLN;A:81SER;A:82THR;A:86THR;A:87GLU;A:88ALA;A:89GLU;A:90LEU;A:91GLN;A:92ASP;A:93ALA;A:94THR;A:95LEU;A:96ALA;A:97LEU;A:98HIS;A:108TYR;A:109THR;A:110CYS;A:111GLU;A:112PHE;A:113ALA;A:114THR;A:115PHE;A:116PRO;A:117LYS;A:118GLY;A:119SER;A:120VAL;A:121ARG;A:122GLY;A:123MET;A:124THR;A:202HOH;A:204HOH;A:206HOH;A:207HOH;A:208HOH;A:213HOH;A:214HOH;A:217HOH;A:218HOH;A:219HOH;A:220HOH;A:221HOH;A:222HOH;A:225HOH;A:226HOH;A:227HOH;A:228HOH;A:229HOH;A:235HOH;A:236HOH;A:237HOH;A:240HOH;A:241HOH;A:242HOH;A:244HOH;A:245HOH;A:246HOH;A:247HOH;A:249HOH;A:250HOH;A:251HOH;A:253HOH;A:255HOH;A:256HOH,A:1GLN;A:2VAL;A:3GLN;A:4LEU;A:5VAL;A:6GLU;A:7SER;A:20LEU;A:21SER;A:22CYS;A:23ALA;A:24ALA;A:25SER;A:26GLY;A:27GLY;A:28ASP;A:29PHE;A:30SER;A:31GLN;A:32TYR;A:33SER;A:34LEU;A:35GLY;A:36TRP;A:37PHE;A:38ARG;A:39GLN;A:40ALA;A:41PRO;A:42GLY;A:43GLN;A:44GLY;A:45LEU;A:46GLU;A:47ALA;A:48VAL;A:49ALA;A:50ALA;A:51ILE;A:52SER;A:53ALA;A:54ASP;A:55GLY;A:56SER;A:57THR;A:58THR;A:59TYR;A:60TYR;A:61ALA;A:62ASP;A:63SER;A:64VAL;A:65LYS;A:68PHE;A:70ILE;A:71SER;A:72ARG;A:73ASP;A:74ASN;A:75SER;A:76LYS;A:77ASN;A:78THR;A:79LEU;A:80TYR;A:81LEU;A:83MET;A:92ALA;A:93VAL;A:94TYR;A:95TYR;A:96CYS;A:97ALA;A:98ALA;A:99GLY;A:100PRO;A:101SER;A:102SER;A:103SER;A:104LEU;A:105LEU;A:106PRO;A:107ASP;A:108SER;A:109TYR;A:110THR;A:111TYR;A:112TRP;A:113GLY;A:114GLN;A:115GLY;A:116THR;A:117LEU
